s0.png;
(103.1525, 157.43, 254.4725, 0.0);
(101.4925, 145.9725, 254.6925, 0.0);
(97.32000000000001, 143.425, 241.935, 0.0);
(87.50312500000001, 136.33125, 207.33437500000002, 0.0);
(83.4, 142.4, 183.0, 0.0);
(95.9775, 149.76, 254.47, 0.0);
(95.2175, 137.17000000000002, 254.3125, 0.0);
(100.8, 146.6625, 253.1025, 0.0);
(80.20625000000001, 122.10000000000001, 220.196875, 0.0);
(58.0, 99.95, 185.65, 0.0);
(94.4025, 147.55, 253.915, 0.0);
(90.8025, 140.76500000000001, 253.56, 0.0);
(93.575, 139.805, 253.57, 0.0);
(95.78750000000001, 135.784375, 242.821875, 0.0);
(70.0, 105.2, 202.15, 0.0);
(85.545, 136.49, 229.3, 0.0);
(84.4575, 128.4275, 244.18, 0.0);
(81.4375, 128.5275, 241.26, 0.0);
(76.665625, 116.103125, 222.4875, 0.0);
(71.85000000000001, 108.4, 190.8, 0.0);
(74.52, 120.02, 193.53, 0.0);
(71.99, 108.73, 224.3, 0.0);
(58.13, 106.91, 219.99, 0.0);
(49.5, 87.3375, 191.875, 0.0);
(36.0, 71.8, 144.0, 0.0);
s1.png;
(95.4525, 198.3675, 254.0175, 0.0);
(103.25750000000001, 192.21, 253.76500000000001, 0.0);
(107.5775, 183.5225, 253.43, 0.0);
(107.4375, 171.29, 253.8375, 0.0);
(100.9925, 158.5975, 253.4075, 0.0);
(95.0825, 143.145, 252.0025, 0.0);
(102.46666666666667, 140.43333333333334, 240.70833333333334, 0.0);
(119.45, 155.23333333333332, 229.56666666666666, 0.0);
(84.2075, 190.42000000000002, 252.9875, 0.0);
(87.385, 191.7875, 253.47, 0.0);
(95.8525, 182.26250000000002, 253.82250000000002, 0.0);
(97.6425, 170.785, 253.715, 0.0);
(94.77, 159.6525, 253.51000000000002, 0.0);
(92.235, 143.135, 249.11, 0.0);
(93.8138888888889, 132.10833333333335, 230.79722222222222, 0.0);
(95.1, 128.55, 218.6, 0.0);
(76.4, 181.7575, 247.66750000000002, 0.0);
(72.035, 185.4875, 247.65, 0.0);
(75.035, 180.35, 249.4925, 0.0);
(78.375, 171.175, 249.99, 0.0);
(81.155, 156.31, 249.095, 0.0);
(86.1925, 139.51250000000002, 239.0, 0.0);
(86.36111111111111, 123.36666666666667, 214.7888888888889, 0.0);
(79.35, 109.26666666666667, 193.21666666666667, 0.0);
(68.995, 171.62, 232.82, 0.0);
(60.682500000000005, 175.23, 231.535, 0.0);
(54.237500000000004, 171.715, 228.0875, 0.0);
(55.8925, 167.70000000000002, 230.5325, 0.0);
(65.2025, 151.4975, 230.9075, 0.0);
(72.78750000000001, 131.06, 220.365, 0.0);
(70.025, 108.76111111111112, 188.73055555555555, 0.0);
(55.333333333333336, 84.53333333333333, 152.5, 0.0);
(59.5625, 151.5625, 204.625, 0.0);
(44.225, 154.52, 201.1175, 0.0);
(36.51, 157.0375, 199.2425, 0.0);
(39.2525, 149.3325, 200.035, 0.0);
(41.8825, 128.25, 194.5875, 0.0);
(38.8275, 105.165, 172.145, 0.0);
(23.825, 73.29722222222223, 132.38888888888889, 0.0);
(13.033333333333333, 63.61666666666667, 111.96666666666667, 0.0);
(30.345, 114.27250000000001, 159.215, 0.0);
(14.215, 103.0475, 148.755, 0.0);
(6.7325, 99.995, 140.51500000000001, 0.0);
(6.1375, 92.77, 137.915, 0.0);
(7.3500000000000005, 80.9625, 133.33, 0.0);
(2.59, 66.9325, 117.85000000000001, 0.0);
(1.1694444444444445, 59.71388888888889, 107.86111111111111, 0.0);
(0.0, 63.61666666666667, 105.45, 0.0);
(1.6153846153846154, 75.83076923076923, 109.67692307692309, 0.0);
(0.15000000000000002, 70.66923076923078, 113.53461538461539, 0.0);
(0.0, 67.13461538461539, 109.96538461538462, 0.0);
(0.0, 66.16153846153847, 107.91538461538462, 0.0);
(0.0, 66.30384615384615, 109.85000000000001, 0.0);
(0.0, 61.66538461538462, 109.20769230769231, 0.0);
(1.405982905982906, 66.03846153846155, 107.38034188034189, 0.0);
(8.435897435897436, 69.61538461538461, 102.1025641025641, 0.0);
s2.png;
(50.315, 63.7175, 142.625, 0.0);
(41.665, 52.4375, 153.7775, 0.0);
(41.185, 54.64, 161.16, 0.0);
(46.43, 63.2475, 167.81, 0.0);
(50.18, 76.8925, 162.35, 0.0);
(58.5175, 93.0925, 150.0825, 0.0);
(58.878571428571426, 100.06428571428572, 144.00714285714284, 0.0);
(46.4925, 64.7225, 160.3925, 0.0);
(42.24, 58.5775, 166.475, 0.0);
(42.74, 69.055, 174.1525, 0.0);
(45.9475, 76.5475, 177.5475, 0.0);
(47.7075, 81.61, 173.8925, 0.0);
(55.005, 96.8925, 158.7525, 0.0);
(55.16428571428571, 96.58571428571429, 153.62142857142857, 0.0);
(49.2625, 72.06, 173.96, 0.0);
(43.1625, 70.755, 177.5575, 0.0);
(44.74, 84.345, 183.0, 0.0);
(47.49, 92.1725, 184.42000000000002, 0.0);
(47.0925, 90.2, 179.485, 0.0);
(51.58, 92.6025, 161.355, 0.0);
(53.76428571428571, 98.22857142857143, 154.14285714285714, 0.0);
(48.795, 79.4675, 179.0925, 0.0);
(42.6275, 83.34, 182.4025, 0.0);
(43.985, 94.265, 183.68, 0.0);
(44.04, 95.2375, 180.6425, 0.0);
(44.300000000000004, 94.1675, 171.29, 0.0);
(45.6775, 92.285, 152.63750000000002, 0.0);
(46.285714285714285, 93.52142857142857, 145.10714285714286, 0.0);
(46.375, 83.735, 177.5075, 0.0);
(43.78, 88.7275, 177.52, 0.0);
(42.4775, 90.83500000000001, 174.4225, 0.0);
(37.7725, 88.78750000000001, 166.98, 0.0);
(39.765, 92.325, 156.3175, 0.0);
(41.347500000000004, 95.50750000000001, 140.7075, 0.0);
(43.94285714285714, 99.7642857142857, 138.06428571428572, 0.0);
(44.9325, 85.0125, 167.4125, 0.0);
(41.972500000000004, 83.8475, 162.385, 0.0);
(44.5525, 89.4625, 161.435, 0.0);
(44.715, 87.8675, 155.96, 0.0);
(42.355000000000004, 89.48, 137.0225, 0.0);
(38.9375, 95.98, 122.07000000000001, 0.0);
(40.0, 97.37857142857142, 119.75714285714285, 0.0);
(46.52, 81.905, 153.6825, 0.0);
(55.825, 86.245, 152.2075, 0.0);
(53.325, 78.76, 151.285, 0.0);
(52.965, 78.03, 155.6125, 0.0);
(54.25, 86.755, 152.5925, 0.0);
(54.1925, 97.215, 130.9075, 0.0);
(51.72142857142857, 94.45, 115.54285714285714, 0.0);
(55.855000000000004, 78.84, 136.865, 0.0);
(53.59, 70.2775, 144.02, 0.0);
(45.03, 52.9925, 148.3725, 0.0);
(42.1575, 53.605000000000004, 158.305, 0.0);
(43.15, 68.55, 165.6475, 0.0);
(59.635, 94.3525, 161.95000000000002, 0.0);
(69.12142857142857, 105.05714285714285, 156.27142857142857, 0.0);
(53.667500000000004, 73.9725, 138.9425, 0.0);
(44.845, 55.3325, 144.0425, 0.0);
(40.0925, 50.0825, 156.69, 0.0);
(41.4675, 65.59, 167.1525, 0.0);
(44.925000000000004, 80.7275, 172.2125, 0.0);
(54.5075, 97.6725, 168.165, 0.0);
(63.66428571428571, 107.66428571428571, 162.3642857142857, 0.0);
(54.3175, 77.705, 147.5675, 0.0);
(44.11, 56.1225, 151.4625, 0.0);
(41.285000000000004, 58.46, 165.8025, 0.0);
(44.305, 80.8025, 175.3475, 0.0);
(48.0175, 102.9425, 177.8175, 0.0);
(56.2425, 120.02, 176.5725, 0.0);
(67.35714285714286, 129.29999999999998, 172.47857142857143, 0.0);
(65.82000000000001, 99.26, 165.935, 0.0);
(47.97, 66.5575, 162.69, 0.0);
(44.015, 67.785, 173.24, 0.0);
(49.9975, 101.205, 182.955, 0.0);
(56.2175, 126.03750000000001, 188.8175, 0.0);
(70.7325, 146.935, 189.4225, 0.0);
(80.73571428571428, 155.63571428571427, 185.45714285714286, 0.0);
(75.665, 119.455, 183.275, 0.0);
(58.6025, 87.0525, 177.8075, 0.0);
(53.925000000000004, 87.595, 184.10750000000002, 0.0);
(62.5325, 131.64000000000001, 195.1975, 0.0);
(66.8925, 139.2125, 195.8975, 0.0);
(76.02250000000001, 141.97, 189.20250000000001, 0.0);
(61.00714285714285, 122.39999999999999, 181.79285714285714, 0.0);
(79.7125, 133.9975, 193.2725, 0.0);
(67.3875, 102.23, 189.26500000000001, 0.0);
(68.565, 107.78750000000001, 195.29500000000002, 0.0);
(74.8175, 132.95250000000001, 199.17000000000002, 0.0);
(72.8025, 124.9, 193.0875, 0.0);
(63.8025, 112.8325, 185.60750000000002, 0.0);
(63.59285714285714, 117.95714285714286, 189.97857142857143, 0.0);
(90.43, 157.01, 204.935, 0.0);
(68.785, 113.775, 194.95000000000002, 0.0);
(70.365, 121.97500000000001, 199.21, 0.0);
(80.56, 132.185, 202.205, 0.0);
(62.285000000000004, 99.345, 188.46, 0.0);
(64.15, 109.925, 192.115, 0.0);
(78.22857142857143, 140.42857142857142, 199.62857142857143, 0.0);
