d0.png;
(27.605, 85.12, 161.965, 0.0);
(29.125, 83.825, 164.0075, 0.0);
(31.6175, 88.7775, 166.665, 0.0);
(28.55, 92.8225, 165.26, 0.0);
(24.97, 96.655, 160.35750000000002, 0.0);
(25.5975, 93.77, 159.1675, 0.0);
(24.8975, 93.1275, 162.96, 0.0);
(23.7925, 95.69500000000001, 161.0275, 0.0);
(24.495, 96.8, 157.9575, 0.0);
(25.715, 94.63250000000001, 160.8475, 0.0);
(25.8125, 95.4175, 160.53, 0.0);
(25.695, 97.63, 159.5725, 0.0);
(25.315, 95.2675, 164.8225, 0.0);
(23.015, 93.805, 166.885, 0.0);
(22.8175, 94.0925, 165.32500000000002, 0.0);
(21.6075, 91.6725, 170.0575, 0.0);
(20.645, 96.9925, 173.2725, 0.0);
(17.707142857142856, 100.99642857142857, 177.90714285714284, 0.0);
(28.48, 84.375, 160.53, 0.0);
(28.875, 82.8725, 161.2675, 0.0);
(27.4875, 90.27250000000001, 163.365, 0.0);
(26.53, 96.8225, 161.02, 0.0);
(26.42, 97.37, 160.345, 0.0);
(26.515, 97.8725, 158.8425, 0.0);
(25.095, 99.6725, 159.925, 0.0);
(23.035, 102.97, 161.2675, 0.0);
(24.725, 105.26, 155.1625, 0.0);
(28.805, 102.4875, 155.04500000000002, 0.0);
(28.0475, 104.8625, 153.0975, 0.0);
(25.7075, 104.825, 158.19, 0.0);
(25.3275, 102.53, 162.8325, 0.0);
(23.177500000000002, 99.00750000000001, 167.53, 0.0);
(22.795, 97.4475, 170.07, 0.0);
(21.7575, 93.50750000000001, 174.37, 0.0);
(21.42, 93.435, 173.51, 0.0);
(19.514285714285712, 96.26785714285714, 176.78571428571428, 0.0);
(30.345, 84.5, 160.3425, 0.0);
(29.0, 86.89750000000001, 157.865, 0.0);
(27.080000000000002, 94.6875, 156.935, 0.0);
(26.345, 97.97500000000001, 158.7125, 0.0);
(26.2875, 98.23, 160.845, 0.0);
(26.1725, 99.75, 160.3775, 0.0);
(24.990000000000002, 103.2525, 157.235, 0.0);
(23.405, 107.8775, 154.48, 0.0);
(24.695, 108.5025, 151.9125, 0.0);
(27.872500000000002, 105.8925, 152.715, 0.0);
(27.0225, 109.83, 150.6975, 0.0);
(24.8275, 118.52, 152.32500000000002, 0.0);
(24.740000000000002, 117.535, 154.1025, 0.0);
(24.330000000000002, 109.7125, 155.5975, 0.0);
(24.4325, 103.0775, 164.25, 0.0);
(22.39, 97.99000000000001, 168.11, 0.0);
(21.605, 96.3575, 169.2725, 0.0);
(21.40357142857143, 93.86071428571428, 173.6392857142857, 0.0);
(33.0, 91.065, 155.2975, 0.0);
(29.59, 94.8, 156.5925, 0.0);
(26.4875, 99.3125, 154.46, 0.0);
(26.4025, 98.48, 157.1575, 0.0);
(25.8075, 103.17750000000001, 157.60750000000002, 0.0);
(25.245, 108.1425, 157.5325, 0.0);
(24.975, 111.8675, 152.5275, 0.0);
(25.03, 109.8, 155.57500000000002, 0.0);
(25.0125, 110.6175, 153.68, 0.0);
(25.135, 109.66250000000001, 155.0625, 0.0);
(24.8575, 118.42, 143.66, 0.0);
(25.245, 123.4375, 139.725, 0.0);
(25.365000000000002, 116.03750000000001, 149.28, 0.0);
(23.3575, 106.8325, 157.1575, 0.0);
(22.975, 102.5175, 162.9275, 0.0);
(22.9775, 101.78750000000001, 164.1125, 0.0);
(22.98, 100.62, 166.1525, 0.0);
(24.142857142857142, 96.60714285714286, 166.27142857142857, 0.0);
(32.275, 92.89750000000001, 149.0975, 0.0);
(29.215, 96.2625, 151.5425, 0.0);
(26.747500000000002, 99.9475, 151.1675, 0.0);
(26.3875, 100.125, 153.78, 0.0);
(25.622500000000002, 104.1175, 156.73250000000002, 0.0);
(24.94, 112.97, 150.0575, 0.0);
(24.927500000000002, 113.4025, 148.9725, 0.0);
(24.9525, 112.055, 150.95250000000001, 0.0);
(24.92, 111.84, 151.57, 0.0);
(25.1875, 109.61, 153.5925, 0.0);
(24.8275, 114.1525, 143.88, 0.0);
(23.587500000000002, 115.59, 143.705, 0.0);
(23.615000000000002, 109.8625, 155.34, 0.0);
(23.315, 106.6175, 156.6125, 0.0);
(23.235, 105.2975, 158.55, 0.0);
(22.71, 103.80250000000001, 161.775, 0.0);
(22.5825, 103.01, 163.8175, 0.0);
(24.732142857142858, 99.42857142857143, 166.01071428571427, 0.0);
(29.7175, 93.175, 145.27, 0.0);
(28.3175, 92.385, 146.975, 0.0);
(28.7375, 93.19, 151.035, 0.0);
(26.45, 98.525, 155.5425, 0.0);
(24.28, 105.805, 155.96, 0.0);
(24.17, 112.28, 148.845, 0.0);
(24.3875, 113.9625, 147.135, 0.0);
(24.8275, 114.205, 147.63750000000002, 0.0);
(24.767500000000002, 115.3075, 146.365, 0.0);
(25.475, 110.0575, 144.7125, 0.0);
(26.2175, 105.92, 132.8225, 0.0);
(22.5475, 120.7225, 135.23250000000002, 0.0);
(22.085, 119.78750000000001, 152.9175, 0.0);
(24.4725, 111.565, 151.93, 0.0);
(24.7925, 110.55, 154.47, 0.0);
(21.5025, 107.74000000000001, 163.6975, 0.0);
(20.3825, 107.8475, 164.92000000000002, 0.0);
(21.957142857142856, 103.16071428571428, 167.32142857142856, 0.0);
(29.3875, 94.565, 141.67000000000002, 0.0);
(28.23, 93.5, 144.3225, 0.0);
(28.605, 93.735, 149.6975, 0.0);
(26.0375, 100.17, 153.5625, 0.0);
(22.837500000000002, 103.675, 156.705, 0.0);
(21.935, 103.7625, 156.26, 0.0);
(23.1475, 107.7275, 152.0575, 0.0);
(24.7775, 112.83500000000001, 149.5175, 0.0);
(24.7425, 113.3325, 148.07, 0.0);
(25.3625, 113.92, 137.95250000000001, 0.0);
(26.7825, 104.6575, 127.63000000000001, 0.0);
(24.0675, 110.1175, 131.95, 0.0);
(23.0825, 112.19, 149.76500000000001, 0.0);
(24.855, 110.05250000000001, 152.11, 0.0);
(25.105, 109.125, 156.5325, 0.0);
(21.3975, 109.6675, 161.635, 0.0);
(20.28, 108.7975, 164.815, 0.0);
(21.525, 107.03928571428571, 161.63571428571427, 0.0);
(30.3825, 100.89, 137.82500000000002, 0.0);
(30.330000000000002, 100.005, 139.9025, 0.0);
(26.66, 103.95, 145.51250000000002, 0.0);
(23.5275, 105.6275, 153.5225, 0.0);
(21.865000000000002, 109.955, 152.395, 0.0);
(22.525000000000002, 105.2375, 156.8, 0.0);
(23.535, 103.67, 154.7875, 0.0);
(22.485, 112.83, 147.81, 0.0);
(22.4175, 113.9775, 145.57, 0.0);
(25.065, 109.5925, 142.32750000000001, 0.0);
(28.92, 101.3625, 136.7425, 0.0);
(28.835, 106.6925, 124.715, 0.0);
(25.740000000000002, 115.9225, 142.2525, 0.0);
(24.9675, 112.795, 151.55, 0.0);
(24.915, 111.5475, 152.8125, 0.0);
(22.35, 114.83, 156.785, 0.0);
(21.78, 112.7825, 162.21, 0.0);
(22.242857142857144, 108.73571428571428, 160.86785714285713, 0.0);
(30.865000000000002, 101.8575, 138.715, 0.0);
(30.5475, 102.13250000000001, 137.3825, 0.0);
(25.9725, 104.5925, 147.2875, 0.0);
(23.017500000000002, 106.0025, 155.33, 0.0);
(23.837500000000002, 106.16, 153.41, 0.0);
(23.2025, 107.79, 152.205, 0.0);
(21.6125, 103.8125, 146.1525, 0.0);
(20.9375, 96.6975, 110.8775, 0.0);
(21.035, 115.0875, 132.9575, 0.0);
(24.7375, 112.5625, 137.7825, 0.0);
(27.990000000000002, 106.075, 135.685, 0.0);
(28.4575, 107.50750000000001, 109.8075, 0.0);
(27.1075, 114.7775, 118.4775, 0.0);
(24.8125, 113.7625, 148.9475, 0.0);
(24.995, 111.13, 152.7975, 0.0);
(22.650000000000002, 113.8625, 158.085, 0.0);
(21.837500000000002, 116.925, 156.7275, 0.0);
(22.407142857142855, 110.32142857142857, 158.3642857142857, 0.0);
(30.3225, 104.035, 141.8075, 0.0);
(31.1525, 108.2425, 134.2925, 0.0);
(28.805, 106.25, 138.0875, 0.0);
(25.1975, 105.4175, 147.7525, 0.0);
(24.927500000000002, 104.10000000000001, 152.1025, 0.0);
(23.517500000000002, 105.9825, 153.9675, 0.0);
(17.0125, 121.5775, 133.1225, 0.0);
(18.4175, 121.4325, 90.9875, 0.0);
(20.09, 123.4375, 127.375, 0.0);
(25.625, 108.8425, 140.49, 0.0);
(26.09, 110.6225, 137.6825, 0.0);
(24.4125, 107.1825, 122.3575, 0.0);
(23.0825, 118.185, 115.595, 0.0);
(23.4075, 119.7775, 148.7975, 0.0);
(22.8175, 115.495, 154.845, 0.0);
(22.2875, 113.755, 160.3525, 0.0);
(21.7725, 117.985, 155.2925, 0.0);
(22.742857142857144, 116.625, 155.10357142857143, 0.0);
(27.925, 98.05250000000001, 144.4325, 0.0);
(29.4125, 102.99000000000001, 134.1675, 0.0);
(29.38, 102.8925, 136.13, 0.0);
(26.2025, 104.9975, 144.9725, 0.0);
(24.84, 105.9225, 148.0725, 0.0);
(23.42, 109.035, 148.2825, 0.0);
(19.105, 118.4375, 146.465, 0.0);
(17.96, 137.29, 131.225, 0.0);
(21.1175, 130.3425, 133.52, 0.0);
(25.87, 108.22500000000001, 140.155, 0.0);
(25.087500000000002, 108.9325, 142.1, 0.0);
(24.1975, 103.215, 137.82500000000002, 0.0);
(22.6875, 105.5775, 136.9225, 0.0);
(22.3325, 122.1975, 148.7725, 0.0);
(21.7025, 118.63, 154.115, 0.0);
(21.93, 115.4675, 159.10750000000002, 0.0);
(22.0475, 113.4975, 162.1725, 0.0);
(23.814285714285713, 109.21071428571429, 160.88571428571427, 0.0);
(26.3175, 93.9425, 149.1925, 0.0);
(25.3325, 97.53, 146.73250000000002, 0.0);
(27.6825, 106.7825, 137.0, 0.0);
(29.5775, 105.44500000000001, 143.85, 0.0);
(28.445, 104.4, 144.0475, 0.0);
(25.400000000000002, 106.2375, 145.525, 0.0);
(22.73, 110.715, 148.105, 0.0);
(20.045, 113.92750000000001, 145.4425, 0.0);
(22.0075, 110.3625, 142.1325, 0.0);
(24.215, 104.6575, 140.1125, 0.0);
(25.265, 100.67750000000001, 150.87, 0.0);
(24.2525, 99.92750000000001, 147.82500000000002, 0.0);
(23.4925, 101.46000000000001, 147.665, 0.0);
(22.075, 119.155, 150.2075, 0.0);
(21.9875, 117.14750000000001, 156.845, 0.0);
(23.25, 115.64, 153.63750000000002, 0.0);
(23.7, 114.72500000000001, 153.8375, 0.0);
(24.360714285714284, 107.08928571428571, 157.84642857142856, 0.0);
(27.6075, 95.1175, 144.6525, 0.0);
(23.7025, 96.3425, 155.1, 0.0);
(26.125, 105.4575, 139.145, 0.0);
(29.6325, 108.4675, 128.3975, 0.0);
(29.935000000000002, 102.66250000000001, 137.6875, 0.0);
(26.767500000000002, 102.8625, 145.95000000000002, 0.0);
(22.802500000000002, 102.7675, 156.3725, 0.0);
(20.755, 102.47500000000001, 154.6225, 0.0);
(21.02, 103.33500000000001, 147.57500000000002, 0.0);
(22.85, 100.8275, 142.87, 0.0);
(25.1175, 102.80250000000001, 149.505, 0.0);
(23.1025, 107.34, 153.76500000000001, 0.0);
(22.7025, 110.4075, 151.5275, 0.0);
(21.855, 121.0425, 148.4875, 0.0);
(21.9075, 118.1075, 155.1025, 0.0);
(24.22, 112.05, 154.82500000000002, 0.0);
(25.05, 112.0025, 151.675, 0.0);
(25.135714285714286, 112.39285714285714, 151.23214285714286, 0.0);
(29.26, 102.64, 135.995, 0.0);
(25.6, 96.275, 147.415, 0.0);
(25.7725, 93.37, 146.1875, 0.0);
(26.93, 95.3625, 138.5925, 0.0);
(28.2875, 97.3725, 140.5375, 0.0);
(26.61, 101.65, 148.7575, 0.0);
(23.015, 103.6275, 156.5025, 0.0);
(21.8525, 105.11500000000001, 153.805, 0.0);
(21.655, 106.91250000000001, 146.98, 0.0);
(22.485, 104.1275, 146.09, 0.0);
(24.4875, 108.0025, 149.4975, 0.0);
(22.165, 111.305, 157.1725, 0.0);
(20.54, 118.1875, 153.5725, 0.0);
(22.142500000000002, 124.3125, 148.3425, 0.0);
(22.7625, 121.66250000000001, 152.2125, 0.0);
(25.66, 111.76, 147.6725, 0.0);
(25.150000000000002, 106.6125, 154.5625, 0.0);
(23.210714285714285, 117.3892857142857, 150.42857142857142, 0.0);
(30.84, 113.8325, 129.02, 0.0);
(29.330000000000002, 101.065, 137.51500000000001, 0.0);
(27.84, 93.5725, 144.085, 0.0);
(27.9425, 90.9825, 147.9775, 0.0);
(28.810000000000002, 92.0675, 150.4475, 0.0);
(26.67, 99.97500000000001, 151.7225, 0.0);
(23.345, 107.0925, 152.5475, 0.0);
(22.955000000000002, 107.30250000000001, 153.2775, 0.0);
(22.17, 109.8, 147.92000000000002, 0.0);
(22.150000000000002, 105.2, 153.6525, 0.0);
(24.5325, 111.13250000000001, 150.4475, 0.0);
(23.4225, 114.53, 153.01, 0.0);
(20.5075, 122.8775, 153.4925, 0.0);
(22.79, 129.735, 144.8175, 0.0);
(23.7075, 125.8325, 148.8025, 0.0);
(26.225, 113.505, 147.43, 0.0);
(24.0975, 112.7675, 153.8625, 0.0);
(21.8, 114.75, 159.92499999999998, 0.0);
(30.78684210526316, 125.34473684210526, 131.11315789473684, 0.0);
(30.07894736842105, 117.52894736842104, 129.0157894736842, 0.0);
(29.052631578947366, 109.45263157894736, 132.7421052631579, 0.0);
(30.5, 103.82631578947368, 139.53684210526316, 0.0);
(30.16842105263158, 99.66052631578947, 147.08947368421053, 0.0);
(26.644736842105264, 101.16315789473684, 150.25, 0.0);
(24.539473684210527, 104.39210526315789, 152.79736842105262, 0.0);
(24.294736842105262, 104.19736842105263, 154.09473684210525, 0.0);
(23.71842105263158, 104.40789473684211, 152.28157894736842, 0.0);
(23.602631578947367, 104.99736842105263, 150.66842105263157, 0.0);
(25.371052631578948, 111.76578947368421, 146.9578947368421, 0.0);
(25.58157894736842, 120.90526315789474, 147.24736842105264, 0.0);
(23.589473684210525, 125.18421052631578, 149.40263157894736, 0.0);
(23.19473684210526, 131.04473684210527, 142.85, 0.0);
(23.347368421052632, 131.8921052631579, 141.43421052631578, 0.0);
(25.189473684210526, 122.46842105263157, 146.7421052631579, 0.0);
(22.70263157894737, 127.96578947368421, 147.67631578947368, 0.0);
(19.157894736842103, 127.04887218045113, 157.86090225563908, 0.0);
(27.887500000000003, 138.25, 130.6875, 0.0);
(28.075000000000003, 131.1625, 123.61250000000001, 0.0);
(27.875, 121.8875, 128.57500000000002, 0.0);
(31.762500000000003, 110.17500000000001, 141.6125, 0.0);
(30.5375, 107.9375, 145.1125, 0.0);
(26.4875, 104.075, 146.8375, 0.0);
(26.3625, 104.8125, 145.70000000000002, 0.0);
(26.512500000000003, 105.47500000000001, 144.26250000000002, 0.0);
(26.225, 105.5875, 144.6625, 0.0);
(26.575000000000003, 103.0875, 149.1875, 0.0);
(26.6625, 106.36250000000001, 149.07500000000002, 0.0);
(27.0625, 117.28750000000001, 150.0, 0.0);
(26.4125, 122.73750000000001, 143.6125, 0.0);
(23.675, 130.4, 140.95000000000002, 0.0);
(23.1875, 135.8125, 136.1, 0.0);
(25.05, 125.03750000000001, 145.2375, 0.0);
(22.5375, 128.1625, 150.15, 0.0);
(19.732142857142858, 121.875, 166.67857142857142, 0.0);
d2.png;
(54.565, 4.905, 164.3475, 0.0);
(43.3375, 1.9925, 163.395, 0.0);
(20.1, 0.615, 170.435, 0.0);
(5.5325, 0.855, 169.1475, 0.0);
(23.075, 6.76, 174.3375, 0.0);
(29.731250000000003, 11.881250000000001, 173.56875000000002, 0.0);
(25.6575, 0.855, 160.6825, 0.0);
(111.11, 4.245, 165.42000000000002, 0.0);
(55.675000000000004, 1.85, 166.61, 0.0);
(37.1225, 2.04, 165.5075, 0.0);
(52.915, 12.67, 171.58, 0.0);
(22.26875, 26.19375, 176.05625, 0.0);
(106.4825, 4.7925, 156.87, 0.0);
(127.97, 6.485, 165.3025, 0.0);
(99.19500000000001, 3.015, 164.165, 0.0);
(119.7075, 7.165, 169.38, 0.0);
(75.8225, 21.6525, 169.845, 0.0);
(8.762500000000001, 48.462500000000006, 175.5875, 0.0);
(128.37, 5.67, 158.615, 0.0);
(106.47, 5.635, 164.3175, 0.0);
(97.9, 4.86, 164.4675, 0.0);
(133.485, 11.1125, 172.14000000000001, 0.0);
(48.57, 42.542500000000004, 178.775, 0.0);
(13.24375, 68.60000000000001, 183.03750000000002, 0.0);
(126.7625, 5.275, 162.725, 0.0);
(69.6125, 3.4575, 158.6275, 0.0);
(65.745, 7.4075, 165.285, 0.0);
(30.8675, 31.395, 172.82, 0.0);
(12.7825, 73.105, 179.745, 0.0);
(12.24375, 75.3, 183.375, 0.0);
(107.8225, 4.3225, 162.6875, 0.0);
(22.1225, 0.8150000000000001, 157.19, 0.0);
(13.57, 21.1375, 160.165, 0.0);
(11.14, 60.1025, 168.4225, 0.0);
(11.72, 80.5425, 175.5175, 0.0);
(9.9, 79.04375, 182.47500000000002, 0.0);
(103.755, 4.8525, 162.82500000000002, 0.0);
(65.9925, 5.005, 158.175, 0.0);
(33.1475, 40.235, 160.055, 0.0);
(11.575000000000001, 69.4675, 169.525, 0.0);
(11.0925, 83.9075, 170.5525, 0.0);
(10.08125, 93.79375, 175.95625, 0.0);
(105.53750000000001, 5.8725000000000005, 156.83, 0.0);
(60.465, 10.5625, 155.41, 0.0);
(12.6575, 58.015, 155.5575, 0.0);
(9.040000000000001, 76.04, 161.8075, 0.0);
(10.365, 94.485, 167.645, 0.0);
(11.375, 106.89375000000001, 169.57500000000002, 0.0);
(111.685, 8.99, 152.42000000000002, 0.0);
(31.365000000000002, 11.5525, 149.0325, 0.0);
(9.1275, 63.09, 151.04, 0.0);
(9.012500000000001, 68.6925, 159.645, 0.0);
(9.93, 72.645, 169.73250000000002, 0.0);
(11.65625, 74.81875000000001, 171.70625, 0.0);
(110.87, 10.38, 142.93, 0.0);
(48.94, 20.080000000000002, 144.0425, 0.0);
(14.91, 49.3525, 149.275, 0.0);
(6.8525, 46.112500000000004, 159.18, 0.0);
(7.375, 42.075, 173.465, 0.0);
(9.25, 47.23125, 173.34375, 0.0);
(98.98, 11.1125, 138.9325, 0.0);
(36.83, 28.4025, 140.8425, 0.0);
(7.03, 46.1925, 147.25, 0.0);
(5.405, 47.2475, 153.945, 0.0);
(6.7775, 51.335, 162.98, 0.0);
(8.425, 57.8125, 169.4, 0.0);
(107.02272727272727, 10.713636363636363, 130.40454545454546, 0.0);
(64.15454545454546, 26.868181818181817, 129.22727272727272, 0.0);
(4.736363636363636, 41.21363636363636, 141.14090909090908, 0.0);
(5.122727272727272, 55.76363636363636, 148.38636363636363, 0.0);
(10.686363636363636, 76.53636363636363, 151.4409090909091, 0.0);
(12.852272727272728, 77.85227272727273, 162.10227272727272, 0.0);
d1.png;
(16.1625, 96.6375, 239.805, 0.0);
(15.435, 78.78750000000001, 233.465, 0.0);
(13.8325, 89.795, 230.20250000000001, 0.0);
(16.6275, 74.01, 239.5375, 0.0);
(16.85, 107.3325, 238.4875, 0.0);
(20.0775, 64.2975, 234.84, 0.0);
(24.165, 34.5475, 236.335, 0.0);
(25.885, 36.6575, 237.985, 0.0);
(24.25, 37.09, 238.21, 0.0);
(16.7225, 85.0475, 229.44, 0.0);
(19.0825, 62.292500000000004, 225.965, 0.0);
(14.467500000000001, 92.72, 217.7875, 0.0);
(18.8275, 60.345, 233.03, 0.0);
(21.5075, 47.5075, 236.595, 0.0);
(22.3, 49.96, 230.94, 0.0);
(22.1575, 48.425000000000004, 229.48250000000002, 0.0);
(21.1525, 39.685, 234.5825, 0.0);
(22.09, 36.76, 234.96, 0.0);
(17.0575, 61.415, 224.0875, 0.0);
(19.0225, 51.557500000000005, 226.51250000000002, 0.0);
(17.425, 73.41250000000001, 207.2875, 0.0);
(18.095, 53.2025, 229.8775, 0.0);
(20.485, 44.7825, 233.4375, 0.0);
(20.075, 52.475, 230.7225, 0.0);
(20.1875, 49.800000000000004, 231.1, 0.0);
(21.175, 60.93, 225.33, 0.0);
(21.73, 76.71000000000001, 213.68, 0.0);
(16.29, 77.1975, 213.3775, 0.0);
(18.1475, 51.395, 226.785, 0.0);
(17.9375, 65.515, 211.97, 0.0);
(18.0275, 54.425000000000004, 227.79500000000002, 0.0);
(19.1325, 55.0825, 229.6875, 0.0);
(18.515, 47.480000000000004, 236.45000000000002, 0.0);
(18.185, 58.67, 228.9475, 0.0);
(19.47, 76.3325, 220.9875, 0.0);
(19.41, 71.36, 230.42000000000002, 0.0);
(16.0025, 112.495, 194.315, 0.0);
(18.26, 65.665, 218.9475, 0.0);
(19.555, 70.8475, 211.9725, 0.0);
(19.07, 64.26, 215.5025, 0.0);
(18.475, 69.7525, 220.18, 0.0);
(17.535, 49.7775, 231.745, 0.0);
(18.5425, 62.4125, 227.8075, 0.0);
(18.1075, 76.7925, 222.45250000000001, 0.0);
(17.79, 61.85, 229.86, 0.0);
(16.8675, 125.2325, 173.865, 0.0);
(18.485, 74.8, 206.98250000000002, 0.0);
(20.2525, 79.87, 208.135, 0.0);
(20.195, 77.4025, 200.1325, 0.0);
(18.575, 62.21, 227.585, 0.0);
(17.8975, 55.6875, 234.17000000000002, 0.0);
(18.96, 87.71000000000001, 216.85, 0.0);
(18.2225, 72.71000000000001, 220.0325, 0.0);
(19.2, 62.51, 213.25, 0.0);
(17.984615384615385, 157.22307692307695, 140.28846153846155, 0.0);
(18.334615384615386, 100.63846153846154, 181.38846153846154, 0.0);
(18.503846153846155, 98.77307692307693, 210.01153846153846, 0.0);
(20.123076923076923, 101.57692307692308, 192.0346153846154, 0.0);
(18.634615384615387, 75.31923076923077, 224.88076923076923, 0.0);
(19.826923076923077, 79.4, 223.46538461538464, 0.0);
(19.46923076923077, 121.06923076923077, 200.31538461538463, 0.0);
(24.765384615384615, 99.56538461538462, 188.21538461538464, 0.0);
(38.44615384615385, 117.66153846153847, 129.15384615384616, 0.0);
d3.png;
(15.605, 102.4075, 169.9725, 0.0);
(14.34, 119.495, 164.365, 0.0);
(15.8175, 105.6875, 164.5825, 0.0);
(15.91, 108.8575, 165.0025, 0.0);
(16.8275, 112.52250000000001, 171.6825, 0.0);
(16.195, 112.13250000000001, 177.3425, 0.0);
(15.855263157894736, 115.51052631578948, 184.07105263157894, 0.0);
(16.9375, 111.55000000000001, 179.95000000000002, 0.0);
(16.105, 104.0975, 173.1925, 0.0);
(15.19, 107.26, 167.6025, 0.0);
(15.5875, 108.425, 163.4625, 0.0);
(15.865, 108.795, 165.5925, 0.0);
(16.165, 118.11500000000001, 169.0825, 0.0);
(16.595, 115.7475, 174.975, 0.0);
(16.44736842105263, 119.10526315789474, 177.86315789473684, 0.0);
(16.075, 120.42500000000001, 178.8375, 0.0);
(16.5, 112.155, 166.815, 0.0);
(16.14, 116.505, 165.23250000000002, 0.0);
(14.82, 132.2975, 156.845, 0.0);
(15.635, 122.2075, 160.5025, 0.0);
(15.0075, 124.71000000000001, 165.08, 0.0);
(15.9375, 123.77, 168.215, 0.0);
(15.976315789473684, 117.61315789473684, 171.0157894736842, 0.0);
(15.8625, 116.36250000000001, 173.10000000000002, 0.0);
(15.477500000000001, 121.78, 145.81, 0.0);
(15.51, 119.11, 150.26500000000001, 0.0);
(15.307500000000001, 128.355, 149.3525, 0.0);
(15.375, 131.3125, 150.58, 0.0);
(14.975, 128.1875, 157.9075, 0.0);
(15.935, 125.135, 156.22, 0.0);
(15.386842105263158, 126.3578947368421, 157.72894736842105, 0.0);
(14.9, 129.1125, 160.38750000000002, 0.0);
(14.278571428571428, 150.81428571428572, 137.87142857142857, 0.0);
(15.278571428571428, 120.16428571428571, 141.6642857142857, 0.0);
(15.285714285714285, 119.2, 143.5857142857143, 0.0);
(15.064285714285713, 130.32857142857142, 143.15714285714284, 0.0);
(15.107142857142856, 126.88571428571429, 145.74285714285713, 0.0);
(14.842857142857142, 131.59285714285713, 145.07857142857142, 0.0);
(14.157894736842104, 159.24812030075188, 150.08270676691728, 0.0);
(13.75, 166.82142857142856, 152.07142857142856, 0.0);
d4.png;
(21.11, 98.32000000000001, 155.9275, 0.0);
(21.555, 100.995, 131.38, 0.0);
(21.045, 96.0575, 150.7125, 0.0);
(22.017500000000002, 80.69500000000001, 180.055, 0.0);
(20.82, 83.075, 185.4275, 0.0);
(20.791666666666668, 91.125, 179.05833333333334, 0.0);
(22.2475, 84.805, 176.1475, 0.0);
(21.41, 109.375, 124.065, 0.0);
(20.69, 108.7375, 127.10000000000001, 0.0);
(21.445, 77.9225, 178.6775, 0.0);
(22.2225, 65.34, 209.85, 0.0);
(21.84583333333333, 73.73333333333333, 213.20416666666665, 0.0);
(23.28666666666667, 81.03, 176.68333333333334, 0.0);
(21.39, 105.64, 135.2266666666667, 0.0);
(21.62, 101.54333333333334, 129.38333333333335, 0.0);
(20.37, 77.75, 187.45333333333335, 0.0);
(20.07, 89.67, 187.42000000000002, 0.0);
(16.81111111111111, 103.66666666666667, 173.34444444444446, 0.0);
