d0.png;
(108.1025, 156.925, 161.395, 0.0);
(110.09, 161.43, 162.9175, 0.0);
(108.61, 164.5, 161.1575, 0.0);
(105.235, 160.0975, 163.2875, 0.0);
(99.84, 150.0625, 160.35750000000002, 0.0);
(100.9225, 150.5875, 159.1675, 0.0);
(103.5875, 152.7725, 162.96, 0.0);
(100.7125, 148.395, 161.0275, 0.0);
(98.16, 146.91, 157.9575, 0.0);
(101.2775, 152.3525, 160.8475, 0.0);
(100.605, 152.1225, 160.53, 0.0);
(98.655, 150.5975, 159.5725, 0.0);
(103.3725, 155.0825, 164.8225, 0.0);
(105.675, 152.51, 166.885, 0.0);
(104.6375, 150.69, 165.32500000000002, 0.0);
(109.2175, 152.9775, 170.0575, 0.0);
(107.625, 152.73250000000002, 173.2725, 0.0);
(107.70357142857142, 148.84642857142856, 177.90714285714284, 0.0);
(107.4025, 158.07, 160.51500000000001, 0.0);
(108.81, 159.735, 161.2675, 0.0);
(105.505, 158.345, 163.365, 0.0);
(100.0025, 153.6275, 161.02, 0.0);
(99.33500000000001, 152.845, 160.345, 0.0);
(98.065, 151.4625, 158.8425, 0.0);
(97.5275, 149.335, 159.925, 0.0);
(96.3375, 145.9275, 161.2675, 0.0);
(91.4375, 143.695, 155.1625, 0.0);
(92.8425, 152.13, 155.04500000000002, 0.0);
(90.4475, 148.635, 153.0975, 0.0);
(93.4575, 148.845, 158.19, 0.0);
(97.5175, 152.585, 162.8325, 0.0);
(102.66, 152.67000000000002, 167.53, 0.0);
(105.29, 154.3825, 170.07, 0.0);
(110.555, 156.7525, 174.37, 0.0);
(110.1025, 155.35, 173.51, 0.0);
(110.21428571428571, 153.27142857142857, 176.78571428571428, 0.0);
(107.19, 159.52, 158.57750000000001, 0.0);
(104.1075, 155.97, 157.4675, 0.0);
(98.7325, 151.0625, 156.935, 0.0);
(97.895, 151.145, 158.7125, 0.0);
(99.01, 152.9625, 160.845, 0.0);
(97.7825, 152.1225, 160.3775, 0.0);
(93.81, 146.42000000000002, 157.235, 0.0);
(89.54, 140.085, 154.48, 0.0);
(87.715, 140.4225, 151.9125, 0.0);
(89.5275, 147.7875, 152.715, 0.0);
(86.175, 143.8775, 150.6975, 0.0);
(81.755, 140.0275, 152.32500000000002, 0.0);
(83.60000000000001, 141.6275, 154.1025, 0.0);
(89.1825, 142.895, 155.5975, 0.0);
(98.0975, 151.8475, 164.25, 0.0);
(103.7625, 151.645, 168.11, 0.0);
(105.5, 151.3775, 169.2725, 0.0);
(109.86428571428571, 155.325, 173.6392857142857, 0.0);
(99.8775, 155.2975, 149.67000000000002, 0.0);
(98.455, 153.9725, 154.925, 0.0);
(94.41, 147.22, 154.46, 0.0);
(96.56, 149.6325, 157.1575, 0.0);
(93.885, 148.4975, 157.60750000000002, 0.0);
(90.845, 146.93, 157.5325, 0.0);
(86.0925, 141.4375, 152.5275, 0.0);
(88.9625, 144.58, 155.57500000000002, 0.0);
(87.29, 142.76500000000001, 153.68, 0.0);
(88.5625, 144.32500000000002, 155.0625, 0.0);
(77.7475, 132.435, 143.66, 0.0);
(72.895, 129.28, 139.725, 0.0);
(81.9075, 138.8375, 149.28, 0.0);
(91.9525, 142.56, 157.1575, 0.0);
(97.735, 147.4625, 162.9275, 0.0);
(98.8675, 148.51, 164.1125, 0.0);
(100.79, 150.6175, 166.1525, 0.0);
(103.44642857142857, 153.79285714285714, 166.27142857142857, 0.0);
(94.815, 148.91, 144.6875, 0.0);
(94.375, 148.5825, 150.2075, 0.0);
(92.015, 144.5225, 151.1525, 0.0);
(93.625, 146.32750000000001, 153.78, 0.0);
(92.8275, 147.2275, 156.73250000000002, 0.0);
(83.895, 138.95250000000001, 150.0575, 0.0);
(82.9075, 137.865, 148.9725, 0.0);
(84.765, 139.9575, 150.95250000000001, 0.0);
(85.4, 140.525, 151.57, 0.0);
(87.8525, 143.06, 153.5925, 0.0);
(79.99, 132.86, 143.88, 0.0);
(78.9175, 129.875, 143.705, 0.0);
(88.675, 140.9725, 155.34, 0.0);
(91.55, 141.97, 156.6125, 0.0);
(93.4475, 143.6825, 158.55, 0.0);
(96.22, 145.6, 161.775, 0.0);
(97.915, 147.35, 163.8175, 0.0);
(101.34285714285714, 154.3607142857143, 166.01071428571427, 0.0);
(92.28750000000001, 143.055, 143.6, 0.0);
(93.83, 143.8775, 146.85, 0.0);
(95.925, 148.65, 150.8925, 0.0);
(95.535, 148.315, 155.5425, 0.0);
(91.5125, 143.625, 155.96, 0.0);
(83.6525, 136.21, 148.845, 0.0);
(81.6375, 134.935, 147.135, 0.0);
(81.78, 136.4475, 147.63750000000002, 0.0);
(80.625, 135.11, 146.365, 0.0);
(82.435, 135.42000000000002, 144.7125, 0.0);
(78.10000000000001, 125.86500000000001, 132.8225, 0.0);
(71.52250000000001, 118.9225, 135.23250000000002, 0.0);
(81.555, 133.91, 152.9175, 0.0);
(85.8575, 139.70000000000002, 151.93, 0.0);
(88.115, 142.92000000000002, 154.47, 0.0);
(94.955, 144.04500000000002, 163.6975, 0.0);
(95.4475, 142.5425, 164.92000000000002, 0.0);
(99.73571428571428, 149.0285714285714, 167.32142857142856, 0.0);
(89.2275, 139.3075, 140.44, 0.0);
(91.525, 141.125, 144.2925, 0.0);
(94.7825, 147.1725, 149.5925, 0.0);
(93.3375, 145.5275, 153.5625, 0.0);
(93.125, 141.47, 156.705, 0.0);
(92.9225, 139.23, 156.26, 0.0);
(88.115, 137.5925, 152.0575, 0.0);
(83.5525, 138.20250000000001, 149.5175, 0.0);
(82.45, 136.735, 148.07, 0.0);
(76.635, 128.51, 137.95250000000001, 0.0);
(75.7375, 122.025, 127.5725, 0.0);
(75.27250000000001, 120.135, 131.875, 0.0);
(84.135, 134.5425, 149.76500000000001, 0.0);
(86.71000000000001, 140.92000000000002, 152.11, 0.0);
(89.73, 145.565, 156.5325, 0.0);
(92.56, 141.625, 161.635, 0.0);
(94.73, 141.9225, 164.815, 0.0);
(94.05714285714285, 142.275, 161.63571428571427, 0.0);
(83.355, 137.2075, 136.57500000000002, 0.0);
(85.125, 139.1875, 138.6625, 0.0);
(86.2825, 137.895, 145.0375, 0.0);
(90.155, 139.69, 153.5225, 0.0);
(87.2525, 134.60750000000002, 152.395, 0.0);
(92.4525, 140.685, 156.8, 0.0);
(92.1525, 141.1425, 154.7875, 0.0);
(82.9575, 131.74, 147.81, 0.0);
(81.0475, 129.2475, 145.57, 0.0);
(81.48, 132.2475, 142.32750000000001, 0.0);
(82.4975, 133.82, 135.8775, 0.0);
(72.9925, 121.3925, 123.72500000000001, 0.0);
(77.6775, 132.875, 142.2425, 0.0);
(84.68, 140.3175, 151.55, 0.0);
(86.1775, 141.5075, 152.8125, 0.0);
(86.685, 138.6825, 156.785, 0.0);
(90.6725, 142.4325, 162.21, 0.0);
(92.52857142857142, 143.01785714285714, 160.86785714285713, 0.0);
(83.3525, 138.645, 137.1975, 0.0);
(82.4425, 137.1975, 136.29, 0.0);
(86.9425, 138.275, 146.965, 0.0);
(90.9, 140.125, 155.33, 0.0);
(90.095, 140.1575, 153.41, 0.0);
(88.25, 137.55, 152.205, 0.0);
(86.4325, 129.3775, 146.1525, 0.0);
(68.625, 98.5725, 110.83, 0.0);
(72.9675, 114.1075, 132.9325, 0.0);
(77.42, 127.0275, 137.7825, 0.0);
(79.455, 131.60750000000002, 135.48, 0.0);
(65.0725, 106.5425, 109.4975, 0.0);
(67.825, 112.465, 118.2975, 0.0);
(82.97, 137.505, 148.9475, 0.0);
(86.405, 141.7525, 152.7975, 0.0);
(87.625, 140.6125, 158.085, 0.0);
(85.22, 137.15, 156.7275, 0.0);
(90.17857142857143, 140.88571428571427, 158.3642857142857, 0.0);
(84.005, 140.1575, 139.8175, 0.0);
(77.3725, 134.21, 132.3525, 0.0);
(80.6425, 134.59, 137.2175, 0.0);
(86.7025, 137.76250000000002, 147.7525, 0.0);
(90.1075, 141.4425, 152.1025, 0.0);
(90.0675, 139.8625, 153.9675, 0.0);
(70.89, 106.10000000000001, 133.1225, 0.0);
(45.7325, 68.0425, 90.94, 0.0);
(66.26, 105.89750000000001, 127.35000000000001, 0.0);
(80.9075, 131.73250000000002, 140.49, 0.0);
(78.2175, 129.845, 137.66, 0.0);
(71.8175, 112.83, 122.22, 0.0);
(64.015, 104.3, 115.5, 0.0);
(79.2225, 133.4275, 148.7875, 0.0);
(84.9475, 137.9275, 154.845, 0.0);
(89.00750000000001, 141.7725, 160.3525, 0.0);
(84.03750000000001, 135.685, 155.2925, 0.0);
(84.575, 138.01071428571427, 155.10357142857143, 0.0);
(88.985, 139.8625, 143.77, 0.0);
(80.055, 132.35750000000002, 133.4675, 0.0);
(81.295, 134.5225, 135.6175, 0.0);
(85.3475, 137.29, 144.9625, 0.0);
(86.625, 137.41, 148.0725, 0.0);
(84.9925, 134.1825, 148.2825, 0.0);
(79.3025, 121.645, 146.465, 0.0);
(62.230000000000004, 103.405, 131.225, 0.0);
(66.6575, 112.78750000000001, 133.52, 0.0);
(81.075, 132.065, 140.155, 0.0);
(81.9575, 132.1475, 142.1, 0.0);
(82.5425, 127.31, 137.82500000000002, 0.0);
(80.65, 123.7525, 136.9225, 0.0);
(78.03750000000001, 130.5925, 148.7725, 0.0);
(82.815, 134.305, 154.115, 0.0);
(87.315, 139.6875, 159.10750000000002, 0.0);
(90.16250000000001, 142.9075, 162.1725, 0.0);
(92.11071428571428, 146.38214285714284, 160.88571428571427, 0.0);
(94.28, 142.37, 149.1925, 0.0);
(90.77, 137.5525, 146.73250000000002, 0.0);
(79.8425, 131.4125, 136.075, 0.0);
(84.4325, 140.9475, 142.0325, 0.0);
(85.2225, 139.54500000000002, 142.915, 0.0);
(85.065, 135.91, 145.5, 0.0);
(84.26, 132.585, 148.105, 0.0);
(81.3875, 124.095, 145.4425, 0.0);
(81.255, 125.825, 142.1325, 0.0);
(83.12, 129.2475, 140.1125, 0.0);
(91.4075, 141.3925, 150.87, 0.0);
(90.11, 136.57, 147.82500000000002, 0.0);
(89.1175, 134.8925, 147.665, 0.0);
(80.64, 131.6675, 150.2075, 0.0);
(85.275, 137.65, 156.845, 0.0);
(84.355, 137.92000000000002, 153.63750000000002, 0.0);
(85.33, 139.36, 153.8375, 0.0);
(91.725, 145.24285714285713, 157.84642857142856, 0.0);
(90.74, 139.835, 144.255, 0.0);
(96.52, 142.4425, 155.1, 0.0);
(82.1575, 131.0175, 138.81, 0.0);
(74.12, 126.7525, 127.405, 0.0);
(82.4325, 136.455, 136.6325, 0.0);
(87.29, 139.49, 145.9125, 0.0);
(93.5, 141.27, 156.3725, 0.0);
(92.675, 135.60750000000002, 154.6225, 0.0);
(88.15, 129.8175, 147.57500000000002, 0.0);
(86.95, 129.72, 142.87, 0.0);
(89.4175, 139.63750000000002, 149.505, 0.0);
(89.23, 138.77, 153.76500000000001, 0.0);
(86.33, 135.5075, 151.5275, 0.0);
(78.64, 129.385, 148.4875, 0.0);
(83.7475, 135.7775, 155.1025, 0.0);
(87.0625, 141.7075, 154.82500000000002, 0.0);
(85.4325, 140.76, 151.675, 0.0);
(84.87857142857142, 140.525, 151.23214285714286, 0.0);
(81.4025, 133.6125, 134.9975, 0.0);
(91.77250000000001, 138.9475, 147.395, 0.0);
(92.77, 138.3975, 146.1875, 0.0);
(87.46000000000001, 133.34, 138.5925, 0.0);
(87.07000000000001, 137.29500000000002, 140.29500000000002, 0.0);
(89.5825, 141.9775, 148.7425, 0.0);
(93.04, 141.6975, 156.5025, 0.0);
(90.595, 136.6525, 153.805, 0.0);
(85.72500000000001, 129.93, 146.98, 0.0);
(86.8, 131.2625, 146.09, 0.0);
(86.4075, 137.8025, 149.4975, 0.0);
(88.77250000000001, 139.17000000000002, 157.1725, 0.0);
(82.7275, 131.2, 153.5725, 0.0);
(76.395, 129.4475, 148.3425, 0.0);
(79.99, 134.665, 152.2125, 0.0);
(83.425, 137.9975, 147.6425, 0.0);
(90.19, 144.07500000000002, 154.5625, 0.0);
(81.6, 134.51785714285714, 150.42857142857142, 0.0);
(71.54, 128.595, 127.19250000000001, 0.0);
(83.165, 135.4475, 136.7725, 0.0);
(91.4225, 140.2675, 144.055, 0.0);
(95.38, 144.4375, 147.955, 0.0);
(96.215, 148.3125, 150.2675, 0.0);
(92.35000000000001, 145.0575, 151.71, 0.0);
(88.8425, 138.2875, 152.5475, 0.0);
(89.0475, 138.07750000000001, 153.2775, 0.0);
(84.8225, 131.3875, 147.92000000000002, 0.0);
(90.49, 137.1625, 153.6525, 0.0);
(85.0525, 138.66, 150.4475, 0.0);
(84.67, 137.9875, 153.01, 0.0);
(80.075, 130.16, 153.4925, 0.0);
(71.6175, 127.1875, 144.8175, 0.0);
(75.65, 133.2925, 148.8025, 0.0);
(81.9675, 138.7975, 147.4125, 0.0);
(86.0725, 140.275, 153.8625, 0.0);
(88.12857142857142, 140.2642857142857, 159.92499999999998, 0.0);
(66.67631578947368, 128.71052631578948, 127.59473684210526, 0.0);
(69.76052631578948, 127.43421052631578, 127.59736842105264, 0.0);
(76.01052631578948, 130.54736842105262, 132.5078947368421, 0.0);
(82.83684210526316, 138.75526315789475, 137.61315789473684, 0.0);
(89.65789473684211, 145.26052631578946, 144.83157894736843, 0.0);
(90.6921052631579, 143.35263157894735, 150.21052631578948, 0.0);
(90.39736842105263, 141.14473684210526, 152.79736842105262, 0.0);
(91.23684210526315, 141.77105263157895, 154.09473684210525, 0.0);
(90.01315789473684, 139.08684210526314, 152.28157894736842, 0.0);
(88.76052631578948, 137.3763157894737, 150.66842105263157, 0.0);
(82.8, 137.0, 146.9578947368421, 0.0);
(77.72105263157894, 136.92631578947368, 147.24736842105264, 0.0);
(76.29736842105262, 133.5157894736842, 149.40263157894736, 0.0);
(69.7421052631579, 126.13947368421053, 142.85, 0.0);
(68.59210526315789, 125.17105263157895, 141.43421052631578, 0.0);
(76.51842105263158, 135.43421052631578, 146.7421052631579, 0.0);
(74.00526315789473, 129.71315789473684, 147.67631578947368, 0.0);
(79.5375939849624, 129.39097744360902, 157.86090225563908, 0.0);
(59.725, 123.6875, 129.4125, 0.0);
(60.125, 119.3125, 123.5875, 0.0);
(67.28750000000001, 123.8375, 128.5625, 0.0);
(80.5125, 141.32500000000002, 137.725, 0.0);
(83.7625, 141.6, 140.4375, 0.0);
(87.0, 139.4625, 146.8375, 0.0);
(85.95, 138.3625, 145.70000000000002, 0.0);
(84.66250000000001, 137.07500000000002, 144.26250000000002, 0.0);
(84.85000000000001, 137.05, 144.6625, 0.0);
(88.91250000000001, 141.8375, 149.1875, 0.0);
(86.97500000000001, 141.76250000000002, 149.07500000000002, 0.0);
(81.1875, 143.4375, 150.0, 0.0);
(74.6875, 135.45000000000002, 143.6125, 0.0);
(68.9625, 125.61250000000001, 140.95000000000002, 0.0);
(63.800000000000004, 119.5875, 136.1, 0.0);
(74.28750000000001, 133.5375, 145.2375, 0.0);
(75.03750000000001, 131.45000000000002, 150.15, 0.0);
(87.14285714285714, 139.25, 166.67857142857142, 0.0);
d2.png;
(163.5, 162.6525, 161.7175, 0.0);
(163.05, 162.495, 162.35, 0.0);
(170.435, 169.995, 169.995, 0.0);
(168.57500000000002, 169.1475, 168.9575, 0.0);
(169.7525, 172.47, 174.1625, 0.0);
(165.59375, 168.89375, 173.54375000000002, 0.0);
(160.6825, 160.15, 160.1725, 0.0);
(165.42000000000002, 162.69, 162.7175, 0.0);
(166.605, 165.37, 165.4175, 0.0);
(165.04, 164.64000000000001, 164.605, 0.0);
(164.1025, 164.70000000000002, 170.7075, 0.0);
(158.16250000000002, 161.04375000000002, 176.04375000000002, 0.0);
(156.87, 154.1125, 154.5975, 0.0);
(165.1575, 161.2825, 162.04, 0.0);
(163.45250000000001, 162.235, 163.905, 0.0);
(166.345, 164.79500000000002, 169.0325, 0.0);
(156.60750000000002, 158.01250000000002, 169.48, 0.0);
(142.04375000000002, 151.25, 175.5875, 0.0);
(158.615, 155.225, 156.0825, 0.0);
(163.925, 161.085, 161.81, 0.0);
(162.315, 162.125, 164.2125, 0.0);
(166.84, 165.48250000000002, 171.95000000000002, 0.0);
(149.86, 159.87, 178.775, 0.0);
(133.78125, 155.65625, 183.03750000000002, 0.0);
(162.725, 159.5025, 160.425, 0.0);
(158.15, 157.005, 157.3375, 0.0);
(161.105, 162.1775, 164.67000000000002, 0.0);
(151.8075, 159.2525, 172.8075, 0.0);
(128.1575, 149.5175, 179.745, 0.0);
(129.18125, 151.01875, 183.375, 0.0);
(162.6875, 160.09, 160.1625, 0.0);
(157.135, 156.75, 156.7825, 0.0);
(146.82750000000001, 150.845, 160.0975, 0.0);
(128.5025, 143.98250000000002, 168.4225, 0.0);
(120.1575, 141.73250000000002, 175.5175, 0.0);
(126.0125, 144.54375000000002, 182.47500000000002, 0.0);
(162.305, 160.2775, 160.3825, 0.0);
(156.7475, 155.83, 157.09, 0.0);
(135.525, 142.34, 159.9075, 0.0);
(123.4, 141.3375, 169.525, 0.0);
(114.4425, 135.0375, 170.5525, 0.0);
(111.38125000000001, 133.275, 175.95625, 0.0);
(156.455, 153.615, 153.6525, 0.0);
(150.12, 150.65, 154.6875, 0.0);
(120.13, 128.95250000000001, 155.5575, 0.0);
(113.67, 128.12, 161.8075, 0.0);
(105.515, 127.07000000000001, 167.645, 0.0);
(98.58125000000001, 125.60625, 169.57500000000002, 0.0);
(152.1675, 147.21, 147.4575, 0.0);
(142.98250000000002, 144.225, 148.45250000000001, 0.0);
(113.5725, 125.4825, 151.04, 0.0);
(116.80250000000001, 129.66, 159.645, 0.0);
(121.54, 137.4425, 169.73250000000002, 0.0);
(121.45625000000001, 140.85, 171.70625, 0.0);
(142.07, 137.935, 138.3975, 0.0);
(133.2125, 135.2125, 143.675, 0.0);
(120.395, 128.42000000000002, 149.275, 0.0);
(130.5675, 137.4625, 159.18, 0.0);
(144.925, 152.615, 173.465, 0.0);
(141.3625, 151.675, 173.34375, 0.0);
(136.135, 133.85, 136.32, 0.0);
(125.235, 127.9375, 140.82750000000001, 0.0);
(120.52250000000001, 127.125, 147.25, 0.0);
(125.58, 130.9275, 153.945, 0.0);
(130.57750000000001, 138.4975, 162.98, 0.0);
(131.1, 142.36875, 169.4, 0.0);
(126.9090909090909, 125.3, 129.24090909090907, 0.0);
(116.17727272727272, 116.06363636363636, 129.22727272727272, 0.0);
(118.29545454545455, 122.07272727272726, 141.14090909090908, 0.0);
(115.93636363636364, 121.86818181818181, 148.38636363636363, 0.0);
(106.07727272727273, 122.39999999999999, 151.4409090909091, 0.0);
(112.67045454545455, 133.88636363636363, 162.10227272727272, 0.0);
d1.png;
(149.11, 196.3975, 239.7875, 0.0);
(162.0175, 197.0725, 233.41750000000002, 0.0);
(149.755, 185.46, 230.20250000000001, 0.0);
(170.3125, 206.12, 239.4325, 0.0);
(138.335, 192.56, 238.4775, 0.0);
(176.4, 212.8025, 234.5625, 0.0);
(205.1125, 228.85, 235.56, 0.0);
(204.54500000000002, 232.4075, 237.255, 0.0);
(204.42000000000002, 231.79, 238.0, 0.0);
(153.72, 194.1, 229.35750000000002, 0.0);
(172.5075, 204.29500000000002, 225.8225, 0.0);
(140.1825, 175.5825, 217.76500000000001, 0.0);
(179.12, 210.43, 232.8925, 0.0);
(193.085, 223.055, 236.4675, 0.0);
(186.54, 218.0175, 230.6825, 0.0);
(187.2225, 217.2975, 229.2125, 0.0);
(199.60750000000002, 223.9125, 234.415, 0.0);
(202.45000000000002, 226.42000000000002, 234.89000000000001, 0.0);
(172.1125, 200.445, 223.945, 0.0);
(182.6925, 209.52, 226.3725, 0.0);
(151.96, 182.475, 207.225, 0.0);
(183.025, 210.465, 229.7875, 0.0);
(193.27, 219.965, 233.3325, 0.0);
(184.285, 214.3, 230.6025, 0.0);
(187.165, 216.10750000000002, 230.98250000000002, 0.0);
(173.525, 209.76, 225.23250000000002, 0.0);
(152.27, 196.34, 213.68, 0.0);
(152.49, 184.4325, 213.29500000000002, 0.0);
(182.7275, 208.9025, 226.67000000000002, 0.0);
(160.8675, 190.7075, 211.9025, 0.0);
(180.1575, 208.38, 227.77, 0.0);
(181.5875, 211.3625, 229.64000000000001, 0.0);
(193.715, 219.5325, 236.415, 0.0);
(178.2525, 208.7375, 228.9225, 0.0);
(157.01250000000002, 198.1825, 220.965, 0.0);
(167.23, 207.58, 230.39000000000001, 0.0);
(113.2275, 155.54, 194.29, 0.0);
(166.04500000000002, 197.7075, 218.85, 0.0);
(157.79, 191.7875, 211.8475, 0.0);
(165.2675, 196.375, 215.4125, 0.0);
(162.32750000000001, 197.12, 220.13750000000002, 0.0);
(188.1775, 213.07500000000002, 231.6975, 0.0);
(174.32500000000002, 206.86, 227.7175, 0.0);
(158.0175, 197.145, 222.4375, 0.0);
(175.02, 207.28, 229.83, 0.0);
(94.415, 138.47, 173.865, 0.0);
(150.5375, 184.8175, 206.9625, 0.0);
(148.08, 187.08, 207.98250000000002, 0.0);
(145.0825, 181.18, 199.985, 0.0);
(172.8925, 206.255, 227.525, 0.0);
(183.9275, 213.935, 234.1575, 0.0);
(146.6325, 190.5925, 216.8, 0.0);
(160.2375, 196.135, 219.91750000000002, 0.0);
(164.13, 195.0, 212.85, 0.0);
(57.56923076923077, 105.92307692307693, 140.2846153846154, 0.0);
(116.85384615384616, 155.97692307692307, 181.38076923076923, 0.0);
(131.91923076923078, 178.12307692307692, 209.82307692307694, 0.0);
(122.97692307692309, 166.82307692307694, 191.80769230769232, 0.0);
(159.20769230769233, 199.28076923076924, 224.80384615384617, 0.0);
(155.55769230769232, 200.04615384615386, 223.41538461538462, 0.0);
(108.47307692307693, 166.87307692307692, 200.2576923076923, 0.0);
(123.11153846153847, 168.62307692307692, 184.95769230769233, 0.0);
(86.2, 126.21538461538462, 116.60000000000001, 0.0);
d3.png;
(102.19500000000001, 137.105, 169.9725, 0.0);
(87.865, 124.065, 164.365, 0.0);
(96.7825, 132.3375, 164.5825, 0.0);
(95.0475, 132.18, 165.0025, 0.0);
(96.405, 138.23250000000002, 171.6825, 0.0);
(99.8275, 141.1525, 177.3425, 0.0);
(100.98421052631579, 144.60263157894735, 184.07105263157894, 0.0);
(101.67500000000001, 145.4125, 179.95000000000002, 0.0);
(102.68, 140.3975, 173.1925, 0.0);
(97.4875, 133.01, 167.6025, 0.0);
(94.5125, 130.125, 163.4625, 0.0);
(95.3225, 132.235, 165.5925, 0.0);
(91.2075, 132.5825, 169.0825, 0.0);
(95.91, 139.1175, 174.975, 0.0);
(95.0, 140.07631578947368, 177.86315789473684, 0.0);
(94.575, 139.425, 178.8375, 0.0);
(93.555, 133.6425, 166.815, 0.0);
(90.2925, 130.3475, 165.23250000000002, 0.0);
(76.39, 116.005, 156.845, 0.0);
(84.2825, 123.85000000000001, 160.5025, 0.0);
(84.8075, 124.645, 165.08, 0.0);
(86.865, 129.655, 168.215, 0.0);
(92.37894736842105, 133.68947368421053, 171.0157894736842, 0.0);
(94.36250000000001, 135.57500000000002, 173.10000000000002, 0.0);
(76.905, 112.1075, 145.81, 0.0);
(80.395, 116.6175, 150.26500000000001, 0.0);
(74.6175, 112.77250000000001, 149.3525, 0.0);
(73.7675, 112.96000000000001, 150.58, 0.0);
(78.8475, 118.0025, 157.9075, 0.0);
(79.7125, 120.14, 156.22, 0.0);
(80.14210526315789, 119.71578947368421, 157.72894736842105, 0.0);
(80.10000000000001, 120.075, 160.38750000000002, 0.0);
(56.857142857142854, 95.06428571428572, 137.87142857142857, 0.0);
(75.33571428571429, 109.3, 141.6642857142857, 0.0);
(76.82142857142857, 111.21428571428571, 143.5857142857143, 0.0);
(70.55, 106.97142857142858, 143.15714285714284, 0.0);
(73.5, 109.75, 145.74285714285713, 0.0);
(70.68571428571428, 107.14999999999999, 145.07857142857142, 0.0);
(56.76691729323308, 100.21052631578947, 150.08270676691728, 0.0);
(53.785714285714285, 98.85714285714285, 152.07142857142856, 0.0);
d4.png;
(97.285, 138.3475, 155.9275, 0.0);
(79.8725, 116.715, 131.38, 0.0);
(95.8325, 134.15, 150.7125, 0.0);
(126.6375, 165.635, 180.05, 0.0);
(128.2175, 167.6175, 185.4275, 0.0);
(117.23333333333333, 159.5625, 179.05416666666667, 0.0);
(119.56, 161.3125, 176.1475, 0.0);
(71.41, 109.0825, 124.065, 0.0);
(73.75750000000001, 110.5475, 127.10000000000001, 0.0);
(126.5975, 163.76500000000001, 178.6775, 0.0);
(156.525, 195.845, 209.85, 0.0);
(152.2625, 196.11666666666667, 213.2, 0.0);
(122.94000000000001, 164.47333333333336, 176.68333333333334, 0.0);
(81.07000000000001, 119.78666666666668, 135.2266666666667, 0.0);
(79.01666666666667, 115.35666666666667, 129.38333333333335, 0.0);
(131.94333333333333, 169.42333333333335, 187.45333333333335, 0.0);
(125.4, 166.31333333333333, 187.42000000000002, 0.0);
(105.91666666666667, 143.27777777777777, 173.34444444444446, 0.0);
