s0.png;
(10.8425, 151.6425, 254.4725, 0.0);
(8.77, 153.4025, 254.6925, 0.0);
(9.6075, 153.5, 241.935, 0.0);
(12.89375, 152.259375, 207.52187500000002, 0.0);
(19.25, 155.8, 184.8, 0.0);
(10.307500000000001, 158.85750000000002, 254.47, 0.0);
(7.955, 159.57500000000002, 254.3125, 0.0);
(9.0875, 153.5425, 253.1025, 0.0);
(9.078125, 164.08437500000002, 220.196875, 0.0);
(10.0, 175.15, 185.65, 0.0);
(10.09, 160.22, 253.915, 0.0);
(9.262500000000001, 163.76250000000002, 253.56, 0.0);
(8.6925, 160.9925, 253.57, 0.0);
(8.203125, 155.4375, 242.821875, 0.0);
(8.05, 168.65, 202.15, 0.0);
(10.8225, 159.9425, 229.3, 0.0);
(8.2625, 167.1275, 244.18, 0.0);
(8.8575, 169.89000000000001, 241.26, 0.0);
(8.1125, 168.71562500000002, 222.4875, 0.0);
(9.25, 162.95000000000002, 190.8, 0.0);
(11.870000000000001, 156.68, 193.53, 0.0);
(7.29, 173.4, 224.3, 0.0);
(9.09, 188.41, 219.99, 0.0);
(7.95, 189.76250000000002, 191.875, 0.0);
(10.0, 192.0, 144.0, 0.0);
s1.png;
(19.43, 159.215, 254.0175, 0.0);
(17.7275, 151.2825, 253.76500000000001, 0.0);
(15.6325, 146.83, 253.43, 0.0);
(13.075000000000001, 147.10750000000002, 253.8375, 0.0);
(11.39, 153.4575, 253.4075, 0.0);
(9.1775, 158.8675, 252.0025, 0.0);
(8.280555555555555, 146.15833333333333, 240.70833333333334, 0.0);
(9.933333333333334, 122.0, 229.56666666666666, 0.0);
(18.8675, 170.14000000000001, 252.9875, 0.0);
(18.8125, 167.17000000000002, 253.47, 0.0);
(16.4125, 158.7375, 253.82250000000002, 0.0);
(14.0975, 156.9025, 253.715, 0.0);
(12.3, 159.725, 253.51000000000002, 0.0);
(9.705, 160.6425, 249.11, 0.0);
(8.338888888888889, 151.25555555555556, 230.79722222222222, 0.0);
(8.066666666666666, 144.2, 218.6, 0.0);
(18.3425, 176.425, 247.66750000000002, 0.0);
(19.3075, 180.895, 247.65, 0.0);
(18.0825, 178.4075, 249.4925, 0.0);
(16.2, 175.2125, 249.99, 0.0);
(13.3375, 172.0525, 249.095, 0.0);
(10.415000000000001, 163.07, 239.0, 0.0);
(8.56388888888889, 152.44722222222222, 214.7888888888889, 0.0);
(7.7, 150.48333333333332, 193.21666666666667, 0.0);
(18.7325, 179.3775, 232.82, 0.0);
(20.165, 188.38750000000002, 231.535, 0.0);
(20.3, 194.7725, 228.0875, 0.0);
(19.2, 193.505, 230.5325, 0.0);
(15.565, 183.26500000000001, 230.9075, 0.0);
(11.805, 170.95250000000001, 220.365, 0.0);
(9.733333333333334, 161.60555555555555, 188.73055555555555, 0.0);
(9.016666666666666, 164.33333333333334, 152.5, 0.0);
(19.045, 181.225, 204.625, 0.0);
(21.0775, 199.3975, 201.1175, 0.0);
(22.2975, 208.8425, 199.2425, 0.0);
(20.5625, 205.9125, 200.035, 0.0);
(16.925, 201.4, 194.5875, 0.0);
(14.9075, 201.52, 172.145, 0.0);
(13.675, 216.19722222222222, 132.38888888888889, 0.0);
(15.2, 227.91666666666666, 111.96666666666667, 0.0);
(19.57, 211.6825, 159.215, 0.0);
(19.695, 233.89000000000001, 148.755, 0.0);
(20.6975, 245.5225, 140.51500000000001, 0.0);
(19.5625, 246.38, 137.915, 0.0);
(17.54, 243.7275, 133.33, 0.0);
(16.695, 250.5475, 117.85000000000001, 0.0);
(16.375, 252.31666666666666, 107.86111111111111, 0.0);
(18.05, 255.0, 105.45, 0.0);
(20.8, 252.05, 109.6923076923077, 0.0);
(18.634615384615387, 254.7269230769231, 113.53461538461539, 0.0);
(18.30769230769231, 255.0, 109.96538461538462, 0.0);
(18.376923076923077, 255.0, 107.91538461538462, 0.0);
(18.08846153846154, 255.0, 109.85000000000001, 0.0);
(16.95769230769231, 255.0, 109.20769230769231, 0.0);
(18.324786324786327, 251.21367521367523, 107.38034188034189, 0.0);
(19.51282051282051, 232.28205128205127, 102.1025641025641, 0.0);
s2.png;
(4.4925, 164.53, 142.625, 0.0);
(2.9425, 185.76500000000001, 153.7775, 0.0);
(3.2825, 189.8925, 161.16, 0.0);
(4.0625, 184.4975, 167.81, 0.0);
(7.235, 175.885, 162.35, 0.0);
(11.6125, 155.6275, 150.1925, 0.0);
(15.742857142857142, 152.5142857142857, 146.77142857142857, 0.0);
(4.89, 180.9075, 160.3925, 0.0);
(3.9650000000000003, 190.275, 166.475, 0.0);
(5.9675, 192.60500000000002, 174.1525, 0.0);
(6.9350000000000005, 189.1925, 177.5475, 0.0);
(8.09, 185.05, 173.8925, 0.0);
(12.33, 166.4075, 158.7525, 0.0);
(12.692857142857143, 163.5857142857143, 153.62142857142857, 0.0);
(5.4075, 182.7775, 173.96, 0.0);
(6.0975, 193.085, 177.5575, 0.0);
(8.67, 192.69, 183.0, 0.0);
(9.8675, 189.43, 184.42000000000002, 0.0);
(9.8, 188.16, 179.485, 0.0);
(11.44, 173.1625, 161.355, 0.0);
(13.507142857142856, 166.20714285714286, 154.14285714285714, 0.0);
(7.035, 185.6225, 179.0925, 0.0);
(8.755, 195.5, 182.4025, 0.0);
(10.8825, 194.04250000000002, 183.68, 0.0);
(11.307500000000001, 193.0, 180.6425, 0.0);
(11.8475, 189.1525, 171.29, 0.0);
(13.235, 178.5225, 152.63750000000002, 0.0);
(14.471428571428572, 173.73571428571427, 145.10714285714286, 0.0);
(8.5975, 188.49, 177.5075, 0.0);
(10.175, 192.1925, 177.52, 0.0);
(11.05, 193.085, 174.4225, 0.0);
(11.8825, 197.3475, 166.98, 0.0);
(13.5975, 190.1225, 156.3175, 0.0);
(16.5225, 179.9875, 140.7075, 0.0);
(17.835714285714285, 173.97142857142856, 138.06428571428572, 0.0);
(9.855, 186.7375, 167.4125, 0.0);
(10.48, 189.135, 162.385, 0.0);
(11.5375, 184.725, 161.435, 0.0);
(11.6625, 182.18, 155.96, 0.0);
(15.39, 176.39000000000001, 137.0225, 0.0);
(20.830000000000002, 173.1525, 122.07000000000001, 0.0);
(21.864285714285714, 169.3357142857143, 119.78571428571428, 0.0);
(9.795, 177.45000000000002, 153.6825, 0.0);
(9.4625, 162.01500000000001, 152.2075, 0.0);
(7.79, 165.695, 151.285, 0.0);
(7.5375000000000005, 168.54, 155.6125, 0.0);
(10.74, 164.7425, 152.5925, 0.0);
(17.86, 151.09, 130.98250000000002, 0.0);
(22.17142857142857, 147.92857142857142, 117.1, 0.0);
(11.945, 151.7275, 136.865, 0.0);
(5.6025, 160.495, 144.02, 0.0);
(2.295, 177.5475, 148.3725, 0.0);
(2.9375, 186.9025, 158.305, 0.0);
(6.28, 188.685, 165.6475, 0.0);
(10.495000000000001, 160.83, 161.95000000000002, 0.0);
(12.4, 142.31428571428572, 156.27142857142857, 0.0);
(7.2675, 156.5275, 138.9425, 0.0);
(3.14, 175.54500000000002, 144.0425, 0.0);
(2.5775, 189.62, 156.69, 0.0);
(5.7375, 191.84, 167.1525, 0.0);
(8.4475, 188.67000000000002, 172.2125, 0.0);
(11.495000000000001, 172.2775, 168.165, 0.0);
(13.378571428571428, 154.96428571428572, 162.3642857142857, 0.0);
(7.6275, 161.4775, 147.5675, 0.0);
(3.3975, 180.475, 151.4625, 0.0);
(4.08, 191.585, 165.8025, 0.0);
(8.325, 190.7225, 175.3475, 0.0);
(12.63, 186.305, 177.8175, 0.0);
(15.975, 173.82, 176.5725, 0.0);
(17.692857142857143, 155.71428571428572, 172.47857142857143, 0.0);
(10.0925, 154.70250000000001, 165.935, 0.0);
(4.9175, 179.79500000000002, 162.69, 0.0);
(5.4825, 190.3075, 173.24, 0.0);
(11.5475, 185.595, 182.955, 0.0);
(15.7675, 179.36, 188.8175, 0.0);
(19.54, 160.2575, 189.4225, 0.0);
(21.664285714285715, 145.0857142857143, 185.45714285714286, 0.0);
(12.24, 150.1825, 183.275, 0.0);
(7.1625000000000005, 171.12, 177.8075, 0.0);
(7.7250000000000005, 180.6525, 184.10750000000002, 0.0);
(15.6175, 173.56, 195.1975, 0.0);
(16.7875, 168.06, 195.8975, 0.0);
(17.825, 153.6525, 189.20250000000001, 0.0);
(15.685714285714285, 170.39285714285714, 181.79285714285714, 0.0);
(14.4425, 150.415, 193.2725, 0.0);
(8.6, 164.3, 189.26500000000001, 0.0);
(9.2975, 165.6275, 195.29500000000002, 0.0);
(13.9875, 159.3175, 199.17000000000002, 0.0);
(13.057500000000001, 159.6775, 193.0875, 0.0);
(12.325000000000001, 168.1275, 185.60750000000002, 0.0);
(13.007142857142856, 170.0857142857143, 189.97857142857143, 0.0);
(17.740000000000002, 143.34, 204.935, 0.0);
(10.67, 165.195, 194.95000000000002, 0.0);
(11.98, 165.04500000000002, 199.21, 0.0);
(12.69, 153.665, 202.205, 0.0);
(9.115, 172.725, 188.46, 0.0);
(10.845, 170.43, 192.115, 0.0);
(15.471428571428572, 155.34285714285713, 199.62857142857143, 0.0);
